1 2 -2.954101937452123e-01 2
1 3 2.039282808707166e-01 2
1 4 -1.774787522575320e-01 3
1 5 1.332032137760161e-01 3
1 6 -5.292321943459544e-01 3
1 7 1.774126124934585e-01 6
1 8 -2.086359224766264e-01 6
1 9 9.667887800303876e-02 6
1 10 -1.504659223179050e-01 6
2 3 -6.585180864187429e-01 1
2 4 5.499179742097123e-02 4
2 5 -4.127697291584984e-02 4
2 6 1.638904434995657e-01 4
2 7 -5.494091337751128e-02 7
2 8 6.460797235004344e-02 7
2 9 -2.993850541033628e-02 7
2 10 4.659445859707233e-02 7
3 4 -7.966103589190228e-02 4
3 5 5.978602981269016e-02 4
3 6 -2.374046422518150e-01 4
3 7 7.958405375056816e-02 7
3 8 -9.358764619342494e-02 7
3 9 4.336726755277263e-02 7
3 10 -6.749422123086232e-02 7
4 5 -6.974084050283733e-01 1
4 6 1.649329957227494e-01 3
4 7 -6.496886984229863e-02 6
4 8 4.191602436877592e-02 6
4 9 -2.119090194856658e-02 6
4 10 2.886714745617627e-02 6
5 6 -2.175245893725756e-01 3
5 7 5.372943584960187e-02 6
5 8 -3.432973898349452e-02 6
5 9 1.712127345484228e-02 6
5 10 -2.330024659285703e-02 6
6 7 -2.869511818141184e-01 4
6 8 1.648925721792581e-01 4
6 9 -8.066663758939596e-02 4
6 10 1.080632339722865e-01 4
7 8 -5.746089815134755e-01 1
7 9 1.866647410416531e-01 3
7 10 -2.659208965878774e-01 3
8 9 -3.229734207695151e-01 3
8 10 2.127191410384594e-01 3
9 10 -6.390626943344924e-01 1
